218
218
223
234
238
225
218
217
215
229
229
229
224
226
222
217
228
228
226
212
210
217
222
224
222
215
213
212
204
214
225
228
215
209
204
198
201
202
200
196
201
189
191
196
202
210
213
197
189
193
199
202
208
211
210
204
196
195
198
207
202
201
201
202
210
218
222
228
239
231
215
224
222
230
239
230
220
220
218
219
222
232
230
211
209
227
230
233
221
217
215
219
210
204
217
218
213
208
209
206
226
225
217
219
210
209
208
209
216
219
207
200
209
214
215
218
212
217
214
211
214
225
226
230
221
216
220
219
223
227
228
214
201
193
198
207
205
203
192
193
193
187
194
203
201
209
203
197
198
208
210
215
215
208
205
201
197
201
211
211
206
193
193
188
194
200
207
199
199
193
191
189
196
203
205
198
195
190
206
206
203
207
212
209
206
208
216
232
236
233
220
207
210
223
225
231
232
222
214
211
213
230
230
209
218
223
223
220
233
226
232
210
220
229
230
221
236
226
214
216
224
231
236
226
213
215
216
226
232
233
233
217
215
216
229
229
223
212
204
216
220
228
236
220
225
220
217
227
234
230
234
228
222
227
237
239
248
234
214
210
215
232
239
235
224
230
229
232
226
239
237
214
214
234
241
232
219
211
216
215
217
242
241
234
229
230
241
245
251
236
234
231
228
240
244
246
238
236
236
240
236
250
245
229
228
234
252
251
245
238
228
234
236
248
254
240
232
225
240
250
253
236
240
237
239
256
258
249
226
229
234
233
219
232
222
229
224
234
255
249
244
232
223
239
247
250
253
242
239
247
253
264
260
248
248
254
257
257
256
244
248
472
242
240
231
229
232
240
254
256
236
225
233
231
227
229
223
226
215
210
230
246
248
238
229
242
247
248
248
236
229
226
235
254
250
240
235
230
224
237
245
255
238
217
227
219
236
229
228
215
215
215
233
251
261
257
241
247
266
135
296
251
241
244
245
256
264
240
242
245
262
263
259
257
238
244
255
263
263
249
235
249
259
264
264
256
241
244
258
257
247
248
246
247
264
266
261
247
247
250
262
271
252
246
252
252
262
272
265
247
251
267
262
264
261
250
243
255
270
264
242
247
248
257
252
258
262
243
248
262
266
266
257
255
253
268
271
262
251
249
251
269
272
257
247
251
259
251
261
249
236
225
235
259
253
245
252
242
240
253
257
259
240
235
258
268
256
262
250
245
256
258
263
255
241
221
231
249
253
262
250
241
262
266
263
254
243
244
239
240
237
244
237
235
238
249
244
234
228
229
234
248
250
252
226
218
223
229
244
243
236
233
227
221
239
246
247
227
225
230
236
241
239
234
234
230
230
244
255
251
234
238
241
238
242
243
241
234
236
245
249
247
241
238
234
239
241
248
251
242
236
242
241
240
239
230
231
243
258
254
261
250
249
247
270
272
251
256
253
252
261
271
266
246
260
261
256
255
244
235
239
244
269
231
287
248
244
242
244
229
237
230
223
246
261
262
252
255
254
254
269
257
243
236
233
245
254
246
242
237
239
239
260
262
255
252
245
246
266
263
250
254
249
243
259
269
258
237
251
257
258
262
260
254
240
257
275
263
256
250
251
256
273
271
246
241
247
244
260
259
241
241
250
256
262
265
258
243
255
269
269
261
254
258
246
264
274
257
243
247
264
260
261
261
248
234
251
261
252
252
239
244
241
256
264
251
248
248
257
263
262
259
241
254
261
264
271
261
243
253
267
262
259
255
248
236
246
261
260
244
243
249
252
259
261
242
247
246
249
266
259
241
243
254
254
256
257
250
242
242
261
265
251
248
253
244
259
266
253
246
245
252
258
259
256
242
248
254
250
265
261
241
239
252
268
251
249
255
243
242
263
271
251
246
254
255
257
265
257
245
251
253
267
258
256
246
242
259
261
255
250
246
245
251
272
252
248
252
240
250
263
254
246
245
242
253
263
261
244
244
248
247
251
256
243
241
244
266
261
251
261
247
245
261
248
253
234
218
229
230
248
255
256
244
247
259
270
262
258
254
251
255
261
271
250
248
247
253
268
238
238
241
237
250
263
262
242
239
241
242
254
255
238
240
242
239
252
234
221
214
215
216
230
234
230
245
238
244
248
265
265
250
241
251
257
265
253
253
245
241
254
262
257
243
238
250
255
254
253
240
218
217
221
245
251
244
243
247
254
265
257
260
251
257
262
263
256
255
252
246
234
255
241
228
215
211
216
215
226
225
226
220
218
227
242
250
247
240
252
242
251
244
229
227
230
244
265
265
264
255
258
258
255
263
252
236
227
238
253
239
224
229
231
229
242
250
253
234
215
208
211
213
212
225
224
236
240
253
266
253
244
230
228
224
237
248
252
245
242
254
267
267
256
253
249
249
264
260
255
229
230
247
236
244
232
212
207
206
205
229
244
233
219
217
230
251
263
266
261
257
259
273
275
259
235
248
248
249
252
249
245
240
245
262
250
247
242
248
251
257
265
250
242
245
251
256
252
248
250
236
242
259
260
246
236
237
252
241
229
240
227
228
226
241
261
244
244
241
243
251
260
262
249
245
245
240
256
236
223
216
225
234
242
242
248
245
241
245
263
259
245
237
245
247
251
265
248
228
238
243
260
258
257
247
238
242
256
252
254
245
242
235
244
240
238
235
242
248
252
267
263
257
244
256
263
258
267
253
247
245
265
269
251
252
247
242
260
264
256
244
243
244
261
258
250
246
248
242
253
272
251
240
247
245
258
256
249
246
241
241
254
264
245
243
247
242
258
249
254
246
237
245
256
262
247
235
234
235
230
231
241
238
234
240
246
267
260
247
249
239
250
261
265
246
243
253
250
258
256
240
241
237
232
252
251
242
232
245
255
254
259
260
239
238
254
266
255
241
242
240
243
245
246
244
237
229
243
242
249
235
220
224
221
230
250
241
229
230
233
246
245
253
251
238
236
246
243
253
247
232
241
243
238
246
239
239
237
238
251
247
245
238
232
242
237
255
254
243
231
233
241
249
238
239
242
233
237
253
244
248
240
224
244
244
238
240
234
233
230
247
264
248
243
232
241
246
253
246
234
224
228
241
243
250
240
224
235
238
243
253
245
244
235
238
252
251
250
244
245
246
236
250
252
239
227
236
252
250
256
242
239
227
240
251
256
240
240
246
248
247
261
251
233
235
237
257
240
241
237
230
237
238
250
253
246
243
251
262
266
248
244
243
243
248
248
254
241
229
237
246
248
244
229
226
227
231
236
245
235
228
228
234
242
251
250
243
221
227
231
235
232
219
208
222
216
220
226
227
227
223
225
221
241
239
232
219
210
223
231
240
254
242
230
221
231
242
239
231
241
238
241
256
265
261
239
243
252
259
260
250
244
240
246
255
254
246
248
241
245
255
257
263
248
243
239
257
259
248
241
244
243
251
256
258
245
237
251
259
251
253
233
240
238
245
241
247
242
241
236
256
263
256
250
246
238
231
242
254
244
246
253
256
262
262
253
241
165
318
272
258
252
247
251
257
258
251
243
242
253
271
277
268
266
250
242
261
265
257
237
245
255
256
250
255
253
238
241
264
264
248
244
250
257
257
263
263
238
236
250
265
259
253
255
252
248
268
267
254
239
238
248
252
254
250
237
245
252
255
257
254
241
233
253
259
251
250
250
244
246
262
263
245
238
252
249
254
260
243
224
213
227
255
259
247
246
253
247
253
268
265
243
248
258
262
258
257
256
241
245
264
264
246
243
250
253
248
259
254
244
235
247
269
257
248
243
235
237
245
254
253
238
242
252
266
266
256
252
248
239
259
264
261
248
248
258
262
260
257
247
252
248
261
263
247
238
242
258
259
254
257
234
239
249
263
253
247
245
248
244
257
259
235
230
231
228
238
235
232
235
233
246
249
259
262
245
243
252
268
258
256
255
235
241
255
253
249
239
243
245
255
253
247
246
233
232
249
252
239
233
237
231
246
253
260
238
233
231
229
238
245
241
236
245
252
268
265
265
246
243
259
256
249
247
244
246
251
252
262
250
239
246
255
263
249
258
247
242
247
261
266
247
239
253
252
257
257
259
234
234
253
255
238
238
235
235
235
251
265
250
238
241
244
245
247
244
244
240
246
263
265
265
247
249
247
256
264
255
250
246
252
270
257
251
247
252
258
266
260
250
235
237
238
243
229
233
236
244
237
252
260
258
237
233
253
261
253
254
248
255
252
266
265
246
243
245
257
259
260
254
248
247
248
255
263
