284
283
279
296
288
298
297
294
298
295
290
305
301
295
314
301
311
305
312
311
307
306
298
305
285
290
287
291
308
307
303
315
301
315
307
299
304
297
307
299
305
316
297
314
311
301
302
306
304
302
308
303
302
311
298
306
288
300
293
289
306
294
305
292
306
306
295
309
280
302
295
302
307
307
316
300
315
302
313
301
305
300
295
308
305
302
307
298
297
291
305
295
300
306
301
304
294
306
294
297
295
287
298
291
301
299
298
309
299
296
303
297
309
304
302
301
293
306
291
298
296
283
299
295
298
297
298
301
297
289
294
290
289
307
302
322
309
314
308
308
316
304
316
301
309
295
300
300
288
294
297
284
296
291
298
291
295
302
284
298
297
294
306
289
302
290
301
301
293
304
298
301
304
294
296
289
289
301
282
294
293
282
291
284
289
286
286
300
289
299
293
301
293
296
298
293
288
296
286
295
292
299
303
298
313
297
302
301
294
310
296
307
296
311
308
306
301
308
300
297
303
287
300
294
295
297
289
296
291
289
302
298
302
310
301
309
292
296
299
290
298
292
297
304
297
302
294
299
298
294
297
298
293
303
291
299
291
295
296
286
297
290
292
294
293
304
291
294
292
286
290
297
288
296
288
296
294
291
297
289
298
284
287
290
284
298
288
298
294
288
293
293
289
298
293
293
292
285
296
284
289
288
284
294
290
300
298
293
299
283
292
283
289
296
292
302
298
303
305
290
298
308
297
308
296
304
311
289
311
296
300
290
291
297
289
297
296
304
305
310
309
297
302
302
291
299
287
301
306
298
313
297
306
300
300
307
298
299
309
294
299
295
292
300
286
300
291
298
303
289
301
293
300
296
297
298
284
296
291
295
294
291
292
289
283
301
290
299
299
299
297
297
303
284
293
290
285
298
292
301
288
303
293
285
294
293
302
297
304
303
288
293
285
290
285
289
292
294
300
299
297
296
307
298
307
308
309
313
303
307
296
302
299
302
296
300
299
286
294
296
281
293
282
286
287
284
296
285
295
296
285
297
292
298
290
302
295
283
297
293
302
296
304
294
302
301
297
300
300
301
300
293
300
295
293
295
291
288
291
291
285
287
292
288
294
289
305
293
301
306
300
304
292
301
299
301
310
294
307
300
311
302
301
300
291
298
297
292
302
295
300
295
299
302
289
301
291
293
296
295
305
285
306
291
291
300
297
303
294
301
309
290
296
300
292
300
298
300
305
288
292
272
280
271
273
280
276
288
276
296
293
293
298
292
301
289
302
295
295
295
296
295
285
298
284
295
289
305
297
301
306
290
301
301
296
299
293
304
291
300
298
295
297
295
300
293
294
302
294
305
294
306
289
295
292
288
299
286
290
287
279
281
268
263
256
248
247
237
236
234
228
233
214
146
247
236
235
240
242
239
248
252
254
261
268
278
286
288
301
297
303
297
301
290
298
300
288
286
274
280
256
261
264
252
266
264
273
287
285
306
295
308
300
313
296
315
299
312
300
311
302
302
307
304
308
303
309
300
306
303
301
299
297
300
284
291
285
283
286
283
295
282
299
289
303
292
298
295
298
306
296
305
291
306
294
307
301
306
299
295
298
290
293
300
290
296
293
298
295
294
294
287
289
291
287
293
286
291
286
293
294
289
295
288
291
280
288
288
299
300
297
306
290
302
294
299
305
293
304
290
303
296
296
299
289
300
298
300
301
291
297
283
289
284
289
285
293
297
289
295
303
294
301
288
290
295
291
302
286
295
290
294
299
294
295
296
306
286
298
289
293
295
285
297
286
292
290
291
296
290
298
291
289
295
284
291
291
295
293
295
304
297
303
301
298
306
299
307
294
300
296
296
298
287
294
286
292
301
286
302
290
298
293
290
294
285
299
289
297
296
292
299
285
296
291
293
295
293
297
289
296
295
287
299
289
295
300
297
301
290
307
287
291
288
291
298
291
298
272
262
259
259
255
255
260
263
270
282
301
309
311
321
303
304
305
322
303
310
305
308
305
308
311
293
306
288
293
291
284
290
278
301
297
295
311
291
304
301
307
310
300
310
314
304
319
295
305
298
314
304
314
309
306
307
305
300
302
298
302
294
301
298
298
291
295
299
286
291
294
297
295
302
297
290
297
286
288
298
289
291
285
295
302
297
312
296
304
298
306
302
308
311
298
306
296
299
292
299
296
290
294
293
292
293
296
299
290
304
302
297
302
290
298
293
287
295
282
302
291
302
295
304
309
291
308
294
297
299
293
302
287
305
293
304
302
298
296
297
293
289
291
302
290
294
294
295
293
282
295
293
285
302
286
296
287
298
300
291
304
295
300
300
304
303
297
306
287
301
295
298
296
290
292
290
290
299
288
297
286
293
292
287
300
288
298
297
300
293
297
304
298
315
295
306
296
301
303
294
301
291
297
300
300
306
298
303
298
296
309
291
298
301
304
295
303
299
294
304
287
296
294
295
299
288
299
291
286
292
281
296
293
294
306
293
299
296
292
296
295
299
289
296
300
293
302
288
295
282
294
293
289
295
287
286
285
289
297
282
299
287
297
294
303
301
291
293
287
294
296
285
293
293
290
294
287
297
296
297
305
293
296
288
301
293
303
304
297
303
288
303
285
298
293
292
299
289
298
287
296
293
283
293
286
297
292
302
300
291
298
295
291
301
290
298
294
297
299
291
301
288
287
294
286
299
280
302
292
293
299
293
297
287
302
296
291
302
291
297
294
294
295
289
294
296
287
300
286
288
285
286
297
278
299
285
291
292
294
301
289
296
290
287
292
291
293
282
299
287
295
299
293
294
296
292
293
285
298
287
290
297
284
287
282
292
293
288
298
285
292
281
289
292
281
296
284
290
284
295
295
285
297
292
294
299
288
297
290
299
294
290
294
290
289
297
290
293
284
300
288
292
294
289
292
282
299
294
287
294
291
284
298
291
304
289
301
290
300
296
299
297
292
296
286
290
294
286
286
287
293
289
290
296
291
292
289
289
284
286
295
286
293
291
289
292
284
300
284
296
288
293
287
298
297
289
300
289
294
287
292
299
291
306
287
294
286
296
299
289
298
287
294
294
291
292
283
291
277
291
290
297
284
286
278
276
273
274
278
276
286
292
299
295
305
300
301
298
298
296
286
298
293
292
306
291
300
288
296
292
295
302
288
298
289
299
297
289
298
283
296
294
293
294
291
295
285
290
297
288
296
292
293
298
289
303
286
299
293
287
294
287
296
284
297
288
288
293
282
293
279
293
290
282
292
291
293
296
288
294
289
288
303
288
298
293
287
294
285
296
290
291
294
282
295
292
292
299
293
294
286
286
296
291
302
298
300
300
292
301
285
291
300
287
300
285
297
285
292
294
279
292
291
296
299
294
298
286
295
295
297
298
298
300
291
295
297
291
294
289
293
289
293
300
284
301
285
291
291
287
297
285
291
288
281
287
284
292
285
292
293
281
287
290
287
293
283
289
285
284
291
282
294
290
297
297
